001: [['-0.8862131483' '-0.0046364899' '0.4632545291' '0.0956853860']
 ['-0.0040783306' '-0.9998330938' '-0.0178087547' '0.0158572697']
 ['0.4632597791' '-0.0176716577' '0.8860463247' '0.1766755069']
 ['0.0000000000' '0.0000000000' '0.0000000000' '1.0000000000']]
002: [['-0.8862131483' '-0.0046364899' '0.4632545291' '0.0956853860']
 ['-0.0040783306' '-0.9998330938' '-0.0178087547' '0.0158572697']
 ['0.4632597791' '-0.0176716577' '0.8860463247' '0.1766755069']
 ['0.0000000000' '0.0000000000' '0.0000000000' '1.0000000000']]
003: [['-0.9999235250' '0.0015716216' '-0.0122667947' '0.2772985408']
 ['-0.0015338647' '-0.9999940595' '-0.0030867775' '0.0167367551']
 ['-0.0122715731' '-0.0030677258' '0.9999199956' '0.2114910200']
 ['0.0000000000' '0.0000000000' '0.0000000000' '1.0000000000']]
004: [['-0.9999564680' '0.0015057363' '0.0092084106' '0.2359603336']
 ['-0.0015339153' '-0.9999941606' '-0.0030538349' '0.0168635795']
 ['0.0092037585' '-0.0030678269' '0.9999529385' '0.2116501827']
 ['0.0000000000' '0.0000000000' '0.0000000000' '1.0000000000']]
